Route #1: 66 120 123 94 135 162 153 78
Route #2: 69 181 130 31 24
Route #3: 216 121 38 5 52 132
Route #4: 12 96 63 64 21
Route #5: 217 178 142 219 139 169
Route #6: 190 194 199 128 151 183
Route #7: 48 208 188 80 4 152
Route #8: 26 186 163 122 89 147 113
Route #9: 70 212 174 165 138 156 77 47
Route #10: 221 118 205 46 182
Route #11: 210 146 134 192 37 53
Route #12: 60 67 198 14 155
Route #13: 19 127 144 214 116 161 179 28
Route #14: 99 140 172 206 13
Route #15: 211 97 50 110 33 83 40
Route #16: 45 76 62 84 41
Route #17: 98 91 29 72 2 16 61 10
Route #18: 56 104 7 86 57 101 73 36 30 23 103 51
Route #19: 65 59 55 85 213 54
Route #20: 79 93 18 75 81 109 25
Route #21: 6 11 34 3 90 17
Route #22: 74 82 35 20
Route #23: 136 95 100
Route #24: 68 167 49 106 58 180 187 168 189 42 126 117
Route #25: 22 164 218 222 129 131
Route #26: 200 141 170 87 27 158 204
Route #27: 119 220 114 143 137 171 203
Route #28: 148 43 44 108
Route #29: 111 32 105 1 154 92
Route #30: 112 176 149 173 202
Route #31: 9 8 196 71 133 184 107 150 125 88 197
Route #32: 177 166 193 209 102
Route #33: 175 157 215 207 15 124 39 185
Route #34: 195 160 201 191 115 145 159
