Route #1: 101 139 156 27 212 44 203 200 87 25 29 71 86 124 88 249
Route #2: 192 151 233 189 43 164 128 47 48 181 4 198 166 225 82
Route #3: 246 214 185 95 51 171 221 215 213 179 64 193 122 106 33
Route #4: 197 15 67 158 145 104 28 30 127 109 177 60 77 50 167
Route #5: 201 217 153 3 107 16 17 226 57 46 42 182 62 45 241 118
Route #6: 140 250 154 98 58 242 245 223 94 224 31 211 188 248 159 168
Route #7: 130 115 169 228 206 231 196 6 120 253 73 239 55 142 133 175
Route #8: 234 56 8 72 102 163 97 113 81 208 195 187 68 119 155 24 173
Route #9: 219 84 19 237 65 93 70 162 180 96 178 157 110 75 103 138
Route #10: 22 23 129 144 79 126 209 222 1 136 76 69 10 251 116 194
Route #11: 61 40 83 90 52 244 165 49 161 18 21 34 205 227 13
Route #12: 240 184 150 99 7 89 108 125 190 80 38 121 236 204 20 147 146
Route #13: 148 132 26 36 59 37 114 112 149 210 11 174 35 232 141 218
Route #14: 41 238 32 85 111 78 152 252 199 143 172 92 91 135 9 134
Route #15: 53 63 229 5 243 207 137 170 235 123 202 14 230 176 216 39 105 12
Route #16: 254 220 186 100 131 160 183 255 66 191 2 117 74 54 247
