Route #1: 62 116 91 65 7 4 27 120
Route #2: 247 258 43 15 117 251 51
Route #3: 160 146 242 139 236 249 232
Route #4: 230 155 210 256 261 179 162
Route #5: 223 133 143 174 239 233 148
Route #6: 216 204 178 137 75 197 24 169
Route #7: 61 202 265 23 129 88 119
Route #8: 37 112 39 131 5 47 56 3
Route #9: 108 176 86 132 49 118 81 94
Route #10: 8 103 17 42 46 93 102 121
Route #11: 123 36 57 203 190 172 130 76
Route #12: 173 240 13 243 164 257 154 235
Route #13: 206 114 141 136 219 241 175
Route #14: 191 266 192 68 193 260 128 87
Route #15: 40 142 227 177 153 195 259 184
Route #16: 73 84 53 96 79 31 33 29
Route #17: 101 18 2 72 12 10 38
Route #18: 9 225 168 1 244
Route #19: 215 165 163 67 99 228 113 69
Route #20: 89 234 250 218 26 231 147 104
Route #21: 14 115 252 183 151 220 194
Route #22: 167 267 209 171 135 222 264 198
Route #23: 150 182 74 134 58 255 22 156
Route #24: 48 262 140 144 199 268 149
Route #25: 263 196 187 166 207 238 237 85
Route #26: 52 224 124 44 205 98 157 181
Route #27: 214 110 30 186 248 63 161
Route #28: 208 217 28 82 229 170 211
Route #29: 245 55 145 95 90 269 226
Route #30: 221 201 138 185 11 246 152 253
Route #31: 71 200 188 158 189 180 159 212
Route #32: 254 21 6 97 122 127 213
Route #33: 41 109 19 25 59 92 20 78
Route #34: 32 64 80 100 16 106 35
Route #35: 77 34 54 70 126 105 60
Route #36: 107 66 45 111 125 50 83
