Route #1: 175 97 71 199 209 141 17 75 226 187 176 63 4 163 194 56 77 39
Route #2: 23 236 54 69 197 119 140 123 211 103 190 144 171 6 170 91 165 230
Route #3: 169 81 110 136 92 15 142 64 98 16 216 36 76 147 159 20 120 29
Route #4: 180 200 18 19 55 42 154 99 60 193 12 127 208 139 32 134 156 125
Route #5: 177 43 185 8 196 51 48 146 215 118 25 85 100 65 108 47 132 46
Route #6: 28 109
Route #7: 10 13 102 40 133 207 220 126 90 30 24 151 72 44 225 67 219 66
Route #8: 80 172 191 41 188 117 37 94 174 233 79 101 113 49 202 222 70 62
Route #9: 130 2 145 68 149 52 88 128 34 96 124 204 234 27 195 164 168 21
Route #10: 38 9 212 235 186 137 78 157 181 179 82 59 189 150 50 14 183 192
Route #11: 173 229 84 26 228 210 213 61 5 57 161 3 198 104 227 107 231 89
Route #12: 122 129 135 87 114 162 201 205 166 217 223 33 155 218 22 152 214 35
Route #13: 7 138 93 115 86 158 31 111 206 182 45 53 221 121 112 58 95 73
Route #14: 224 184 148 1 203 167 83 105 143 232 178 153 116 160 11 131 74 106
