Route #1: 169 53 20 149 58 187 77 111 97 75 178 40 119 18
Route #2: 112 39 81 25 35 15 106 147 142 181 122 188 207 71
Route #3: 65 16 131 45 132 68 177 128 50 175 34 190
Route #4: 110 105 78 136 63 84 98 29 54 47 199 161 183
Route #5: 152 44 14 82 57 5 95 155 206 101 130 26
Route #6: 88 72 103 42 205 100 70 156 176 200 203 173 38
Route #7: 49 33 148 108 74 96 172 37 166 7 170 31 102 163 87
Route #8: 56 91 165 17 27 99 67 192 129 73 123 135 114 104
Route #9: 64 134 153 11 28 115 36 202 185 179 154 150 140 89
Route #10: 194 21 19 76 164 55 146 79 137 59 52 168 48
Route #11: 145 13 62 117 139 184 41 195 66 1 83 2 113
Route #12: 208 151 3 167 121 138 22 180 186 69 198 201
Route #13: 93 30 197 85 171 158 32 109 189 24 157 182 61 120 51
Route #14: 86 127 43 60 9 4 124 162 8 90 126 174 133 160
Route #15: 204 80 118 10 143 144 159
Route #16: 196 6 125 12 193 92 107 141 46 94 23 191 116
