Route #1: 32 214 71 62
Route #2: 203 79 150 134 146 36
Route #3: 217 18 170 108 155 130 38
Route #4: 68 139 122 17 76 12
Route #5: 207 209 157 101
Route #6: 126 190 44 135 160
Route #7: 107 14 240 102 48 153
Route #8: 61 137 13 185 218 227
Route #9: 210 112 158 16
Route #10: 186 52 179 220
Route #11: 147 127 199 187 55 6
Route #12: 27 42 136 231
Route #13: 66 20 50 241 166 25
Route #14: 145 118 159 78
Route #15: 224 30 201 8
Route #16: 198 200 149 133 100 215
Route #17: 56 85 113 235
Route #18: 239 37 178 22 89 15 54
Route #19: 204 117 216 213
Route #20: 115 98 194 51
Route #21: 238 192 161 40 236
Route #22: 28 96 196 121
Route #23: 128 63 109 193
Route #24: 57 171 181
Route #25: 11 43 168 173
Route #26: 72 120 219 164 195 39
Route #27: 197 45 116 152 212
Route #28: 59 34 7 131 143 41 221
Route #29: 151 77 172 189
Route #30: 129 91 82 228 86
Route #31: 191 182 162 144 104 53
Route #32: 94 106 229 2 23
Route #33: 156 90 19 47 103
Route #34: 208 26 46 169 177 148
Route #35: 188 234 64 226 175 141
Route #36: 4 202 1 163 111
Route #37: 105 119 232 230 206 205
Route #38: 233 125 58 222 225
Route #39: 154 74 99 29 31
Route #40: 21 140 60 83 87
Route #41: 49 114
Route #42: 35 211 33 80 88 3 24
Route #43: 132 180 97 183
Route #44: 9 167 174 93 84
Route #45: 110 237 123 67
Route #46: 65 5 223 142 73 81
Route #47: 10 75 176 165
Route #48: 69 92 124 184 95 70 138
