Route #1: 90 107 97 37 79
Route #2: 20 229 4 81 11 53 111 121 112
Route #3: 116 73 87 23 14 3 21 69 35
Route #4: 86 136 130 64 179 110 113 9 96
Route #5: 158 190 246 128 131 159 176 227 147 200
Route #6: 39 140 234 210 172 28 181 198
Route #7: 62 175 145 218 171 202 223 219 244
Route #8: 206 205 138 222 177 189 67 195 17
Route #9: 137 108 215 183 191 220 248 133 214 187
Route #10: 167 201 117 94 217 156 211 182 135 141
Route #11: 42 157 184 152 207 66 71 31
Route #12: 237 146 153 164 114 204 221 8 165 148
Route #13: 150 166 76 154 247 209 173 160
Route #14: 82 240 127 192 230 161 203 235 228
Route #15: 80 119 101 103 25 55 118 15
Route #16: 40 102 243 178 22 168 45 238 144
Route #17: 84 188 124 34 51 123 109 99 56
Route #18: 41 75 54 125 169 26 149 143 239 236 245
Route #19: 72 13 32 232 105 115 74 52 59
Route #20: 50 91 12 29 93 122 43 89 18 27
Route #21: 193 63 30 44 100 49 68 70 57 33
Route #22: 92 61 48 104 88 134 180 216 163
Route #23: 47 186 199 16 139 36 1 83 5
Route #24: 10 197 24 77 194 129 120 60 250 65
Route #25: 6 226 155 46 242 151 249 225 241 212
Route #26: 174 213 162 126 231 170 224 208 233
Route #27: 98 2 142 196 185 19 132 38
Route #28: 78 85 7 58 106 95
