Route #1: 254 50 48 125 41 246 15 185 142
Route #2: 53 235 28 56 86 105 102 309
Route #3: 61 25 112 16 52 148 74 209
Route #4: 266 103 274 323 328 326 186 251
Route #5: 330 255 173 259 221 222 271 290
Route #6: 200 174 329 216 298 169 146 194
Route #7: 24 93 333 338 147 143 118
Route #8: 293 245 247 244 228 181 132 158
Route #9: 285 14 81 278 243 70 308
Route #10: 77 195 150 231 144 149 65 39
Route #11: 106 320 116 279 183 140 78 9
Route #12: 238 55 110 76 75 157 250
Route #13: 223 230 288 305 342 198 176 292
Route #14: 1 152 312 339 260 124 261 213
Route #15: 135 94 18 101 108 164 114 5
Route #16: 208 325 115 296 171 241 337 272 188
Route #17: 291 4 98 2 253 95 23
Route #18: 26 104 167 58 6 45 313 27 11
Route #19: 145 20 37 156 51 49 7 12
Route #20: 211 331 218 202 205 172 340 341
Route #21: 34 60 3 159 151 163 137 59
Route #22: 67 21 119 17 62 100 154 92
Route #23: 113 267 121 197 299 322 136 122
Route #24: 307 236 170 97 303 252 71
Route #25: 182 277 184 165 192 46 10 204
Route #26: 332 319 88 128 237 268 248 239
Route #27: 300 42 269 161 90 109 85 240
Route #28: 280 233 141 294 80 315 318 270
Route #29: 335 203 317 289 68 257 262 31
Route #30: 206 295 210 276 134 177 196
Route #31: 275 212 187 201 79 66 343 96 190
Route #32: 217 179 219 22 91 83 29 120 327
Route #33: 282 311 127 283 191 199 178
Route #34: 281 314 193 273 334 242 258 215 284
Route #35: 227 207 64 36 139 153 133 264
Route #36: 57 84 38 220 189 263 111
Route #37: 107 19 226 225 306 160 229
Route #38: 126 117 155 166 162 99 54 131
Route #39: 180 69 73 47 89 13 286 316 321
Route #40: 130 44 8 40 32 123 43 35
Route #41: 336 256 287 310 63 82 87 249
Route #42: 324 297 33 265 232 138 214 168
Route #43: 30 302 175 129 72 224 234 304 301
