Route #1: 100 255 217 234 207 2 298 348 7 364 220 91 157 72 77 324
Route #2: 128 31 44 180 141 13 302 109 155 352 6 209 189 351 242 223 219 214
Route #3: 218 80 121 83 248 331 326 42 300 144 103 52 145 342 17 26 311 84 183 64 101 271 79 160 170
Route #4: 163 159 9 190 226 158 18 296 353 362 233
Route #5: 287 355 295 86 199 303 194 90 124 8 222 259 286 126 166 119 345 165 322 41
Route #6: 232 162 67 88 333 285 211 282 205 120 105 244 15 338 250 196 32 37 249 192 321 95 320
Route #7: 254 129 107 150 294 208 46 87 336 216 307 293 50 261 113 240 111 3 288 354 156 312 347 186
Route #8: 47 188 212 363 22 24 178 99 340 110 349 96 289 228 297 63 30 262
Route #9: 76 225 323 266 164 316 315 117 202 235 291 245 221 305 339 12 329 269 142 146 161 299 203 182 256
Route #10: 210 82 241 45 277 350 172 5 4 75 258 40 237 66 356
Route #11: 198 130 153 151 200 366 268 357 20 73 148 114 125 327 361 175 38 206 343 193 133 138
Route #12: 169 185 60 85 257 309 191 136 112 335 122 143 54 108 36 29 318 273 23 58 131 132 281 313 346 28
Route #13: 173 168 236 330 98 106 213 62 224 127 48 93 59 276 215 43 360 149 123 264 317 118 1 135 239 171 70 195 334
Route #14: 247 56 310 177 265 25 57 14 39 147 179 227 251 21 35 104 181 272 246
Route #15: 204 92 137 243 278 74 341 365 89 102 176 16 53 325 51 359 238 116 304 152 279 49 139
Route #16: 61 81 252 33 280 97 274 229 55 306 134 65 34 290 337 275 270 332 263 344 328 253 260 284 69 94 308 301 319 115 184 201 140 283 154 167 78 230 231 267
Route #17: 27 19 292 10 358 11 71 187 174 197 68 314
