Route #1: 125 120 330 90 146 139 164 96 71 126 49 73
Route #2: 220 154 369 20 9 61 309 355 264
Route #3: 127 179 162 174 84 129 58 1 137 65 105
Route #4: 158 4 184 29 78 104 67 68 145 2 177
Route #5: 244 8 169 141 19 46 152 323 349
Route #6: 128 136 69 130 3 180 74 23 110 62 40
Route #7: 34 192 60 181 22 33 28 16 32 39 85
Route #8: 187 133 10 42 5 98 108 53 157 196 43
Route #9: 30 64 161 163 112 31 99 41 173 11
Route #10: 138 194 191 77 118 193 147 358 170
Route #11: 119 44 144 106 107 75 182 15 183 166
Route #12: 91 59 190 35 159 168 189 195 111 218
Route #13: 82 57 117 36 156 37 114 97 6 26
Route #14: 352 100 52 17 115 7 83 150 50 89
Route #15: 143 124 38 95 176 79 94 14 25 178 172
Route #16: 81 295 72 345 237 63 249 360 344 103 238
Route #17: 317 383 339 362 142 24 167 116 246 342 92
Route #18: 322 209 223 308 175 48 280 240 140
Route #19: 102 290 326 18 390 211 288 109 368 123
Route #20: 255 121 371 225 363 243 357 364 337 236
Route #21: 54 343 372 198 221 206 272 389 86 212
Route #22: 252 347 283 66 353 235 274 251 227
Route #23: 289 13 260 201 365 377 356 135 228 286
Route #24: 287 80 374 348 233 263 265 333 373 354 222
Route #25: 165 270 266 324 276 153 335 216 375 385
Route #26: 70 229 380 241 370 262 204 391 232 307 329
Route #27: 321 200 259 325 328 277 367 261 388 258
Route #28: 171 27 56 199 284 281 294 250 301 214 185
Route #29: 292 278 275 379 215 313 376 239 134 299
Route #30: 282 340 210 314 302 245 205 318 392 296 273
Route #31: 336 148 316 382 304 45 188 350 319 268 257 226 122
Route #32: 21 253 310 279 224 242 303 315 160 366
Route #33: 155 55 76 346 306 88 297 149 300
Route #34: 386 132 113 151 327 217 51 341 361 101
Route #35: 311 256 254 202 131 298 197 285 381 12 271
Route #36: 213 231 332 378 234 207 203 248 305 334
Route #37: 384 359 351 387 87 230 47 247 293 269 93
Route #38: 338 208 186 291 312 219 267 331 320
