Route #1: 108 145 12 192 120 178 195 171 112 302 103
Route #2: 244 28 266 100 155 241 243 114 314 299 251 56
Route #3: 277 21 274 150 84 167 9 212 24 206 154 176 104
Route #4: 72 123 40 86 169 278 13 88 191 258 17 226 219
Route #5: 63 15 156 96 320 267 34 189 121 283 36 129
Route #6: 82 187 4 260 3 144 148 194 5 288 259
Route #7: 137 30 10 248 48 290 303 306 269 77 295 90
Route #8: 216 172 273 161 27 115 65 316 54 196 81
Route #9: 208 99 207 213 214 35 43 182 236 58 33
Route #10: 109 184 230 106 128 177 231 193 68 113 281 14
Route #11: 111 262 307 71 271 8 89 234 318 203 31 199
Route #12: 252 164 139 135 146 79 319 294 127 64 50
Route #13: 254 173 138 317 242 142 101 185 49 51 126 57
Route #14: 18 170 160 97 1 59 166 312 149 218 270 125
Route #15: 190 183 311 276 53 263 26 158 250 298 143
Route #16: 202 75 133 232 46 272 117 257 23 141 20
Route #17: 305 130 61 229 7 107 165 62 37 38 287 280
Route #18: 275 124 76 55 292 204 205 98 200 52 235
Route #19: 296 224 69 73 132 180 309 131 291 74 175
Route #20: 289 91 83 152 179 94 293 264 134 116 221 78
Route #21: 188 181 157 136 315 215 286 239 32 256 163
Route #22: 87 223 16 304 60 297 92 159 29 45 237
Route #23: 186 39 6 220 47 174 66 245 110
Route #24: 70 249 162 80 153 118 42 209 261 2 95
Route #25: 222 238 198 308 67 41 93 240 168 310 217
Route #26: 228 201 211 122 25 255 282 265 233 19 284
Route #27: 197 227 300 246 119 321 11 210 301 247 253 147
Route #28: 22 85 268 151 105 44 225 140 102 279 285 313
