Route #1: 72 48 33 84 79 74 30 22 155 25 138 34
Route #2: 75 16 65 87 97 62 142 128 26 120 14 49
Route #3: 38 122 69 99 93 103 36 68 20 118 147 15
Route #4: 143 32 42 3 106 73 135 21 121 54 110 41
Route #5: 23 31 140 85 144 53 123 98 154 50 133 131
Route #6: 17 67 4 35 6 115 55 95 105 152 56 61
Route #7: 37 116 19 46 145 127 104 130 124 44 27 101
Route #8: 59 96 102 132 111 86 94 66 28 7 137 92
Route #9: 71 149 8 150 156 24 43 141 64 63 13 148
Route #10: 70 139 125 78 146 80 40 108 9 117 1 126
Route #11: 47 5 153 76 136 112 89 81 119 2 57 88
Route #12: 129 91 100 51 90 83 45 77 11 82 113 151
Route #13: 18 107 52 134 10 39 58 29 114 109 60 12
