Route #1: 165 70 54 109 1 100 163 75
Route #2: 69 33 170 13
Route #3: 103 96 95 164 168 85 125 128 52 4
Route #4: 148 99 151 65 131 173 24 41 74 135
Route #5: 156 92 104 71 22 118 154
Route #6: 144 44 158 7 77 64 86 91 57
Route #7: 81 117 38 83 48 119 45 35 142 133
Route #8: 11 169 9
Route #9: 55 29 134 21
Route #10: 30 53 34 42
Route #11: 87 107 126 5 68 152 105 80 76
Route #12: 115 28 23 174
Route #13: 46 59 94 50 141 108 146 112 37 129 110 162 51
Route #14: 132 150 18 130 49 160 61
Route #15: 40 88 32 27 149
Route #16: 114 106 63 6 66 138 56
Route #17: 20 17 124
Route #18: 16 78 43 116 82 89 137 136
Route #19: 139 67 97 47 72 12 58 157
Route #20: 140 2 73 25 167
Route #21: 39 62 159 15 172 90 171
Route #22: 111 3 31 153
Route #23: 127 155 8 113 84 121 145 123 102
Route #24: 14 36 101 161 93
Route #25: 122 60 98 143 10 175
Route #26: 120 26 79 147 166 19
