Route #1: 145 142 194 90
Route #2: 5 109 152 182 200 18 62 70 124 2
Route #3: 195 199 203 144 116 148 136 12 135 202 150
Route #4: 177 32 78 100 15 34 53 101 36 48 119
Route #5: 170 106 123 155 181 198 16 164 169 131 167
Route #6: 173 65 143 128 72 30 174 52 27 49 75 83
Route #7: 79 186 120 99 179 71 162 105 157 122 113 160
Route #8: 96 77 153 183 26 189 38 45 50 63
Route #9: 88 64 60 37 35 82 20 46 80 19
Route #10: 58 29 95 67 7 84 39 33 43 17
Route #11: 85 92 86 6 28 24 23 69 73 21 42
Route #12: 41 31 59 4 25 91 54 13 87 3 74
Route #13: 61 51 11 56 94 40 66 110 156 55 137 201
Route #14: 57 163 184 103 146 158 180 165 93 89 139 197
Route #15: 22 125 117 81 44 10 102 14 147 185 140 141
Route #16: 191 138 115 168 175 130 161 171 47 129 68
Route #17: 1 134 126 192 149 107 178 108 196 97 76
Route #18: 8 166 121 112 111 187 9 154 133 127 132
Route #19: 118 98 159 188 172 193 114 190 104 176 151
