Route #1: 125 20 135
Route #2: 78 246 114 128
Route #3: 30 34 5 133 130 57 126
Route #4: 89 222 99 221 21 7 14 112 85
Route #5: 111 122 55 115 73 108 117 8 81
Route #6: 236 17 235 161 287 160 87 165
Route #7: 284 56 110
Route #8: 2 25 278
Route #9: 260 44 80 33 61 92 77 151
Route #10: 123 45 156 203
Route #11: 227 98 164 283 162 190 220 74 90
Route #12: 19 188 152 27 66
Route #13: 248 263 214 275
Route #14: 131 50 134 208 205 226
Route #15: 63 143 139 70 230
Route #16: 233 282 217
Route #17: 97 18 13 39
Route #18: 147 107 136
Route #19: 93 42 69 120
Route #20: 86 262 186 176
Route #21: 95 261 216 96
Route #22: 259 102 184 229
Route #23: 138 225 172 157
Route #24: 288 183 76
Route #25: 149 187 196
Route #26: 154 79 178 232
Route #27: 265 238 243 43
Route #28: 269 148 197
Route #29: 113 200 28
Route #30: 155 158 65
Route #31: 228 252 277
Route #32: 215 273 279 266
Route #33: 22 11 106 244
Route #34: 270 195 168
Route #35: 198 219 280 256
Route #36: 267 182 213
Route #37: 124 103 153 67
Route #38: 75 121 35 37
Route #39: 137 52 251 174 274
Route #40: 268 6 59 116
Route #41: 132 64 3 46 12
Route #42: 38 36 247 47
Route #43: 58 82 62 180
Route #44: 224 83 119 88 9 41 127 84
Route #45: 193 32 240 181
Route #46: 199 272 150 177 105 142
Route #47: 250 218 286 53
Route #48: 1 179 167 185
Route #49: 109 285 100 223 26 159 118 202 163 194 276
Route #50: 189 170 206
Route #51: 258 207 242 29 60 24 68 140 101 10
Route #52: 271 281 237 171 212
Route #53: 169 145 254
Route #54: 51 249 192
Route #55: 234 54 201
Route #56: 253 210 175
Route #57: 91 16 241 40
Route #58: 146 191 72 211 166
Route #59: 71 264 48 49 31 129 4 144 141 23 104 231 173 257
Route #60: 204 94 209
Route #61: 239 245 255 15
