Route #1: 42 106 176 184 27 140 227 129
Route #2: 118 155 28 26 192 98
Route #3: 156 170 80 222 146 62 158 74 133 173 104 32 51 114 124 69
Route #4: 142 77 202 30 225 101 218 103 90
Route #5: 220 61 186 189 18 207 191 193
Route #6: 117 47 76 86 128 1 78 40 57 100 83 159 172 206 110 67
Route #7: 151 212 70 145 203 137 36 14 4
Route #8: 35 58 2 68 44 205 195 29
Route #9: 116 92 144 88 208 177 13 20 50 162 182
Route #10: 52 15 148 75 134 37 12 198
Route #11: 65 72 167 82 33 39 112 164 171
Route #12: 181 201 190 152 64 6 108 139 165 97 122 196
Route #13: 38 91 217 141 109 59 25 213 200 194 71
Route #14: 119 56 5 163 138 99 221 136 111 121 127 79 224
Route #15: 16 19
Route #16: 149 54 3 214 48 169 126 84 216
Route #17: 160 153 161 10 180 46 188 199 63 130 135 94 209 95 166 34 178 41
Route #18: 24 9 107 89 123
Route #19: 60 115 49 174 113 43 31 21 93 120
Route #20: 143 210 215 96 147 7 105 226 23 73 157
Route #21: 183 223 132 102 168 87 11 53 179 150 197 187
Route #22: 175 17 22 81 66
Route #23: 204 219 85 45 131 154 8 55 185 125 211
