Route #1: 211 181 74 147 136 184 24 88 30 126 198 13 58 128 122 101 230 2 106
Route #2: 96 121 157 200 21 133 81 129 113 165 146 23 224 235 204 33 115 222 155 257 166
Route #3: 242 159 120 124 109 160 255 246 168 241 1 69 162 32 232
Route #4: 72 76 161 94 175 108 52 208 182 252 38 234 170 125 239 164 73 5 186 55 195 179
Route #5: 49 7 142 44 259 98 132 220 99 40 145 9 212 254 251 260 226 197 16 231 141 79 177
Route #6: 42 247 59 97 199 47 249 185 103 34 31 36 151 3 258 158 93 102
Route #7: 174 53 171 116 64 51 217 250 26 187 209 37 214 82 188 39 178 143
Route #8: 240 68 66 90 119 105 12 163 194 25 27 78 154 77 60 237 192 95 245 244 190 138 18 173
Route #9: 104 28 50 4 112 43 57 111 117 236 80 207 19 221 48 100 131 41 180
Route #10: 135 134 253 46 62 15 229 91
Route #11: 139 213 110 86 150 45 183 248 243 205 167 63 238 70 17 169 6 225 210 130 67 148
Route #12: 85 172 89 65 140 227 256 56 193 223 127 83 61 201 203 20 123 8 14 152 153 35 22 10 11 149 215 202
Route #13: 75 156 118 107 196 54 114 216 191 92 219 233 144 189 29 87 228 206 71 84 218 176 137
