Route #1: 303 276 3 41 24 118
Route #2: 114 30 237 282 75 215
Route #3: 165 206 45 307 315 141
Route #4: 35 69 199 60 240 106
Route #5: 32 183 278 226 296 180
Route #6: 270 177 137 214 58 195
Route #7: 47 147 247 82 103 213
Route #8: 209 142 104 227 88 188
Route #9: 146 136 186 291 72 148
Route #10: 224 89 285 23 306 9
Route #11: 232 68 261 222 111 248
Route #12: 171 308 119 161 175 211
Route #13: 64 184 117 205 153 74
Route #14: 187 281 275 11 244 145
Route #15: 301 57 286 231 4 132
Route #16: 299 70 62 160 218 144
Route #17: 128 279 55 152 50 83
Route #18: 297 158 249 300 238 242
Route #19: 251 17 65 225 208 96
Route #20: 20 271 95 280 84 90
Route #21: 133 81 134 112 44 250
Route #22: 234 239 56 266 59 298
Route #23: 200 253 135 241 110 18
Route #24: 93 164 105 120 229 8
Route #25: 38 292 125 130 316 257
Route #26: 102 10 262 61 99 228
Route #27: 48 98 173 219 131 1
Route #28: 260 194 259 268 63 290
Route #29: 277 288 252 305 39 73
Route #30: 185 216 129 101 166 230
Route #31: 255 245 258 150 6 274
Route #32: 170 25 283 254 22 269
Route #33: 313 217 233 43 7 19
Route #34: 52 67 293 27 37 204
Route #35: 40 53 221 109 5 201
Route #36: 246 243 49 178 193 223
Route #37: 16 126 34 295 122 54
Route #38: 267 116 121 100 174 115
Route #39: 33 156 210 212 272 284
Route #40: 36 294 46 263 124 287
Route #41: 236 179 191 176 29 159
Route #42: 140 163 91 28 172 51
Route #43: 79 76 256 309 80 197
Route #44: 21 143 302 182 149 123
Route #45: 71 202 312 235 311 162
Route #46: 108 289 92 151 264 94
Route #47: 107 190 181 265 2 127
Route #48: 14 198 113 77 139 203
Route #49: 97 66 86 304 310 189
Route #50: 13 207 138 196 26 167
Route #51: 154 220 12 157 273 192
Route #52: 78 85 42 155 15 314
Route #53: 169 168 31 87
