Route #1: 143 217 43 103 190 1 188 56 349 358 295 237 360 145 327 301 215 304 316 334 178
Route #2: 33 156 102 267 229 398 323 97 175 199 379 320 62 65 165 116 137 274 138 225 284 49 183 280 297 322 146
Route #3: 140 64 101 110 163 243 308 384 20 78 41 214 194 361 235 83 169 198 68
Route #4: 176 14 94 114 118 312 344 59 306 21 81 108 236
Route #5: 73 27 373 252 111 345 302 115 210 31
Route #6: 132 336 6 272 66 293 218 100 335 18
Route #7: 220 70 77 368 394 67 113 380 89
Route #8: 371 222 15 326 12 249 42 290 359
Route #9: 400 127 268 261 219 92 348 87 5 291 174
Route #10: 186 287 182 44 38 185 244 350 231 281
Route #11: 129 227 71 311 197 91 193 365 332 376
Route #12: 50 144 60 22 147 211 74 121 13 209
Route #13: 375 275 135 382 184 58 155 161 48
Route #14: 389 251 192 123 346 46 17 325 195
Route #15: 331 164 271 386 99 328 125 173 391 309
Route #16: 213 167 351 282 107 341 318 230 265 159 150
Route #17: 392 315 270 347 324 262 203 154 128 34 221 172 139 202
Route #18: 79 3 234 76 136 397 369 307 356 166 233 45 39 292
Route #19: 191 90 98 388 263 23 32 367 381 321
Route #20: 168 95 354 9 285 40 126 228 256
Route #21: 133 205 357 212 393 29 171 53 395 8 157 264
Route #22: 120 152 240 51 330 278 24 2 10 337 35 37
Route #23: 7 96 363 72 134 364 170 54 269 162 299
Route #24: 374 245 119 242 303 246 124 82 26 283
Route #25: 189 399 352 224 201 52 142 112 105 25 216
Route #26: 117 279 329 11 241 288 85 151 57 339 84 106 238 260
Route #27: 177 149 273 181 298 310 141 396 342 122 208 204 333 179 372 226 250 160 248 187 4 362 343 93 338 130 239
Route #28: 255 61 223 86 305 75 286 47 206 300 19 258 314 387 317 200 28 296 109 63 16 353 366 289 378 196 266 247 253 259
Route #29: 30 277 254 207 104 390 276 69 313 55 180 36 131 158 385 355 370 153 148 294 257 319 383 377 340 80 232 88
