Route #1: 30 236 267 245 237 168 101 290 184
Route #2: 91 57 134 45 288 98 32 185 10 113
Route #3: 29 148 71 39 255 278 226 80 47
Route #4: 84 173 171 167 76 158 65 254 174 72 37 85 2 83
Route #5: 22 58 82 1 200 42 270 105 193 108 152 106 242
Route #6: 169 26 4 272 31 153 156 100 88 280
Route #7: 213 110 43 35 194 260 155 209 49 81
Route #8: 204 163 21 252 63 161 203 89 104 224
Route #9: 147 275 11 146 243 215 180 282 229
Route #10: 145 246 19 262 51 48 133 178 249 250
Route #11: 79 293 70 69 56 59 151
Route #12: 199 8 164 201 239 112 261 135 170
Route #13: 285 211 52 38 77 219 289 139 121 40 24 36
Route #14: 61 274 137 271 295 172 92 124 16 208
Route #15: 235 41 107 46 207 62 138
Route #16: 233 122 94 136 67 263 196
Route #17: 118 221 231 216 264 286 50 33 17 190 3
Route #18: 7 15 73 175 97 195 54 225 132 149
Route #19: 257 276 12 283 244 176 109 247 6
Route #20: 55 240 18 111 64 279 297 141
Route #21: 74 256 150 9 181 123 14 228 28 93
Route #22: 75 265 183 114 296 129 143 205 284 202
Route #23: 291 140 212 197 266 214 60 34 227
Route #24: 191 27 234 258 269 177 230 87 187 68 23 99 223 186
Route #25: 210 125 217 198 206 5 273
Route #26: 13 251 119 25 142 277 20 154
Route #27: 117 218 78 127 165 120 128 166
Route #28: 86 95 96 157 182 160 248
Route #29: 241 281 294 116 130 159 292 259 131 253 126
Route #30: 192 66 144 102 44 189 179 287 115 220 162
Route #31: 268 188 238 90 222 232 53 103
