Route #1: 193 157 77 241 13 239 100 252 88 152
Route #2: 163 124 138 235
Route #3: 206 230 158 118 166 229 122 150 170 90
Route #4: 171 31 165 41 224 232 67 87 215 112
Route #5: 45 200 151 35 4 7 94 69 110 274
Route #6: 240 49 43 8 1 19 199 167 214 176
Route #7: 249 209 245 140 63 46 130 101 5 102
Route #8: 11 251 261 218 267 132 164 210 242 125
Route #9: 123 265 173 111 127 64 201 99 195 192
Route #10: 32 56 29 15 212 160 62 82 117 190
Route #11: 258 68 14 80 76 187 216 113 71 196
Route #12: 61 139 148 134 233 228 247 217 95 37
Route #13: 161 97 75 22 23 85 144 106 186 183
Route #14: 179 246 2 25 182 142 244 260 268 141
Route #15: 126 234 248 55 256 211 34 189 155 36
Route #16: 238 250 58 114 103 96 57 53 156 26
Route #17: 16 147 159 177 133 221 208 33 266 254
Route #18: 188 204 116 24 175 253 60 74 225 86
Route #19: 115 172 9 273 168 27 107 146 226 73
Route #20: 272 89 202 145 65 269 198 42 119 181
Route #21: 184 109 91 120 180 236 222 257 194 104
Route #22: 21 136 185 262 207 213 135 20 79 92
Route #23: 38 39 191 54 263 98 149 83 47 129
Route #24: 271 264 66 270 81 223 174 78 108 219
Route #25: 84 220 44 162 197 3 18 121 255 10
Route #26: 243 169 128 40 227 50 105 203 17 30
Route #27: 51 178 6 28 12 59 48 137 143 205
Route #28: 231 153 154 237 70 259 72 131 52 93
