Route #1: 119 40 178 75 97 111 77 187 58 53 136 78 105 169
Route #2: 112 39 81 25 35 15 106 147 142 181 122 188 149 20
Route #3: 16 131 183 45 175 50 128 177 68 132 18 65
Route #4: 14 33 148 206 155 95 5 57 82 207 71 63
Route #5: 110 84 98 152 44 49 26 156 70 100 205 42
Route #6: 88 161 199 47 72 54 29 103 203 173 56 38 34 190
Route #7: 102 31 129 7 166 37 172 96 74 108 101 130 176 200
Route #8: 87 163 104 114 135 123 73 170 192 67 99 27 17 165 91
Route #9: 64 134 153 11 28 115 36 202 185 179 154 150 140 89
Route #10: 160 168 52 133 59 137 79 146 55 164 76 19 21 194
Route #11: 145 13 62 117 139 184 41 195 66 1 83 2 113
Route #12: 51 120 61 182 157 24 189 109 32 158 171 85 197 30 93
Route #13: 118 10 86 151 3 167 121 138 22 180 186 69 198
Route #14: 208 127 43 60 9 4 124 162 8 90 126 174 48
Route #15: 159 144 143 204 80 201
Route #16: 196 6 125 12 193 92 107 141 46 94 23 191 116
