Route #1: 258 254 29 252 113 86 195 181 3 244 143 115 78 102 76 25 90
Route #2: 155 151 218 206 8 149 84 12 213 215
Route #3: 232 17 226 4 176 80
Route #4: 69 20 10 243 228 83 128
Route #5: 230 53 196 92 187 168 227 169 221 219 64 235 119 224 72 50 33 279 59 58 40 73 278 5 65 201 245 133
Route #6: 203 164 270 71 49 225 106 2 104 118 234 257 45 217 100 174 52
Route #7: 273 138 146 95 246 47 82 190 24 88 142 140 191 171 7 237 177 179 48 145 79 170
Route #8: 180 96 266 111 239 57 28 188 13 87 256 277 116 55 134 30 135 250
Route #9: 216 126 205 70 233 253 208 62 184 1 251 139 222 238 67 114 121 38 241 199
Route #10: 132 43 166 77 9 22 248 63
Route #11: 263 136 54 153 249 262 148 108 223 198 193 175 197 14 214 265 202 200
Route #12: 125 99 186 34 261 141 37 274 27 272 150 18 129 269 271 23 93 42
Route #13: 267 74 44 56 41 117 39 247 6 167 36 183 120 127 75 35 137 152 98 165
Route #14: 159 60 210 242 94 160 182 66 268 157 260 101 275 131 162 109 255 112 122 32 21 89 276 51 156
Route #15: 147 31 158 15 144 19 194
Route #16: 97 189 61 163 264 68 178 236 105 220 161 11 173 209 103 240
Route #17: 154 26 212 229 123 81 46 211 91 110 172 259 85 107 192 207 124 204 16 185 130 231
