Route #1: 247 197 58 19 193 129 76 161 110 278 17 260 35 21 97 87 53
Route #2: 219 228 244 158 60 121 159 137 257 4 57 183 46 179 222 75 223 91 171
Route #3: 80 218 23 73 255 237 195 59 208 112 134 190 14 175 167 216 238 182 42 48 147 120 55 30
Route #4: 126 124 156 232 187 107 264 94 2 184 44 11 268 103 117 176 200 84 74 132 265 81 56 201 249 119 27 7 177
Route #5: 37 210 114 250 6 214 39 51 146 18 153 246 277 69 133 279 154 95 256
Route #6: 104 272 226 180 64 139 163 12 8 89 215 185 67 45 196 115 275 25 10 173 105
Route #7: 160 271 149 43 211 213 118 5 31 99 52 72 205 108 50 106 236
Route #8: 85 281 135 270 38 166 181 192 142 77 36 148 198 254 151 82 162 267 233 248 240
Route #9: 155 188 199 152 225 273 170 96 283 32 113 204 262 203 47 206 122
Route #10: 145 83 102 131 111 143 15 202 231 127 34 71 16 26 86 130 140 88 194 141 40 168
Route #11: 78 186 274 224 251 54 189 207 280 259 269 164 261 92 9 242 191 24 252 230
Route #12: 276 172 136 1 125 100 258 41 212 65 234 28 29 116
Route #13: 63 266 13 68 239 217 209 253 150 245 90 109 138 3 220 79 20 61 235 227 243 157 221
Route #14: 241 49 98 174 62 70 144 66 178 169 165 128 101 263 123 33 282 229 93
Route #15: 22
