Route #1: 145 142 194 90
Route #2: 118 98 159 193 114 190 104 2 176 5
Route #3: 148 116 144 203 111 187 9 112 121 166 8
Route #4: 151 124 70 62 132 195 154 127 133 172 188
Route #5: 109 152 18 182 200 12 136 135 202 150 106
Route #6: 199 119 48 36 101 53 34 15 100 78 32
Route #7: 177 167 131 169 164 16 198 181 155 123 170
Route #8: 83 75 49 27 52 174 30 72 128 143 65 173
Route #9: 79 186 120 99 179 71 162 105 157 122 113 160
Route #10: 63 50 45 38 189 26 183 153 77 96
Route #11: 88 64 60 37 35 82 20 46 80 19
Route #12: 58 29 95 67 7 84 39 33 43 17
Route #13: 42 21 73 69 23 24 28 6 86 92 85
Route #14: 41 31 59 4 25 91 54 13 87 3 74
Route #15: 201 137 55 156 110 66 40 94 56 11 51 61
Route #16: 197 139 89 93 165 180 158 146 103 184 163 57
Route #17: 22 125 117 81 44 10 102 14 147 185 140 141
Route #18: 191 138 115 168 175 130 161 171 47 129 68
Route #19: 1 134 126 192 149 107 178 108 196 97 76
