Route #1: 207 219 166 121 129 41 128 140 290
Route #2: 278 143 155 21 167 118 274
Route #3: 100 199 126 211 218
Route #4: 26 120 252 142 228
Route #5: 192 292 56 241 280 235
Route #6: 215 213 203 35 28 187
Route #7: 141 19 112 65
Route #8: 24 224 61 267
Route #9: 198 123 234 95 75 257 285
Route #10: 231 259 270 178 88
Route #11: 69 188
Route #12: 266 206 151 10 124 186 46 130
Route #13: 115 76 184 233
Route #14: 3 86 11 33 289 144
Route #15: 238 246 268 99
Route #16: 58 135 237 169 92
Route #17: 180 189 54 223 91 190
Route #18: 114 256 243 279 149
Route #19: 31 84 40 291 185 104
Route #20: 288 239 221 116
Route #21: 23 48 81 72 102
Route #22: 152 60 57 70 71 205 227
Route #23: 131 30 80 4 14 1 293 160
Route #24: 282 242 117 269 45
Route #25: 183 161 249 127 87 254 132 260
Route #26: 163 96 158 97 193 67 103
Route #27: 195 44 263 20 49 52 145 5
Route #28: 134 25 113 240 262 179
Route #29: 216 181 244 147
Route #30: 230 136 250 247 283
Route #31: 36 27 111 170 210
Route #32: 146 251 171 37 275 197 62 90
Route #33: 50 214 276 156
Route #34: 12 148 204 162 64 82
Route #35: 157 101 89 32 273
Route #36: 153 107 59 164 225 105 22 2
Route #37: 172 174 85 109 83 253 201 261
Route #38: 16 159 77 168 281 154
Route #39: 66 175 73 38 271 106 194 43
Route #40: 119 8 229 29 182 15 255
Route #41: 245 110 177 74
Route #42: 222 248 94 7 277 13 284
Route #43: 98 176 55
Route #44: 217 18 191 34 265
Route #45: 17 68 264 209 258 137
Route #46: 139 236 138 272 108
Route #47: 42 173 125 93 63
Route #48: 196 232 51 150 133 287
Route #49: 39 53 212 286 47 208
Route #50: 122 165 202 200 9
Route #51: 226 6 79 220 78
