Route #1: 161 53 131
Route #2: 45 34 156
Route #3: 105 212 84 121 106 51 185 80 149 178
Route #4: 41 87 13 151
Route #5: 158 1 181 237 134 112
Route #6: 164 70 175 227 173 63 200 98
Route #7: 225 238 120 74 33 128 165 117
Route #8: 52
Route #9: 8 93 194 245 109 114 195 83 206
Route #10: 182 179 137 188 210 5 230 229 144 220 239
Route #11: 17 23
Route #12: 123 18 36
Route #13: 21 85
Route #14: 197 90 226 246 73 39 167
Route #15: 86 71 190 88 62 233 104 172 76 183
Route #16: 198 214 193 196 77 234 240 127 28 89 79
Route #17: 160 6 59
Route #18: 142 163 201 78 69 184 38 203 146 107 221 145
Route #19: 141 152 126 19 118
Route #20: 16
Route #21: 48 24
Route #22: 187 170 244 217 199 35 140
Route #23: 154 67 11
Route #24: 44 103 186
Route #25: 37 2
Route #26: 20 42 143
Route #27: 216 81 129 125 75 139 9 110 102 91
Route #28: 60 56 169
Route #29: 236 92 46
Route #30: 3 243 111
Route #31: 219 150 157 47 130 122 115
Route #32: 153 228 50 202 116 162
Route #33: 12
Route #34: 14
Route #35: 95 100 25 135 215
Route #36: 68 27 132
Route #37: 61 97
Route #38: 66
Route #39: 94 26 43
Route #40: 159 29 7
Route #41: 10
Route #42: 211 32 189 171 218 207
Route #43: 58 65
Route #44: 223 213 31 15
Route #45: 30 55
Route #46: 4 119
Route #47: 57
Route #48: 205 99 136 177 54 191 232 113 174
Route #49: 166 208 82 108 22 180 176 222 204 192 235 133 96
Route #50: 209 40 224 155 241 124 168 101 138
Route #51: 148 242 147 72 64 49 231
