Route #1: 90 107 97 37 79
Route #2: 20 229 4 81 11 53 111 121 112
Route #3: 96 113 110 179 21 3 23 14 69 35
Route #4: 39 244 205 130 136 9 87 73
Route #5: 86 64 200 147 227 176 159 140 234
Route #6: 148 218 202 223 219 131 128 246 190
Route #7: 116 206 158 108 215 66 137 71 31
Route #8: 135 182 211 8 171 165 145 210 172 175
Route #9: 183 248 141 181 28 222 138 198
Route #10: 17 195 177 189 67 62 220 191 133 214
Route #11: 160 173 209 247 154 76 166 150
Route #12: 102 42 187 207 152 228 184 157 40
Route #13: 235 203 161 230 192 127 237 240 82
Route #14: 239 143 146 153 117 94 217 156 201 167
Route #15: 80 119 101 103 25 55 118 15
Route #16: 84 188 124 123 51 34 164 114 204 221
Route #17: 144 245 238 45 236 168 22 178 243
Route #18: 149 72 13 32 52 59 26 169 75
Route #19: 50 56 99 109 105 232 115 74 125
Route #20: 54 91 12 29 93 122 43 89 18 33
Route #21: 61 48 104 100 49 68 70 57 27 41
Route #22: 10 197 24 129 120 60 250 92 65 47
Route #23: 5 83 1 186 36 199 16 139 6
Route #24: 134 88 30 44 63 180 216 193 194 77
Route #25: 212 213 241 225 46 242 249 151 163 226
Route #26: 196 208 224 170 231 126 162 155
Route #27: 98 2 142 19 185 233 174 132 38
Route #28: 78 85 7 58 106 95
