Route #1: 109 350 263 80 150 377 319
Route #2: 82 63 65 14 380 334 369
Route #3: 352 223 43 177 139 259 209
Route #4: 111 146 271 2 74 142 323
Route #5: 270 332 131 381 265 264 365 276
Route #6: 298 292 178 222 105 97 126
Route #7: 141 330 251 314 37 193 23
Route #8: 148 207 58 17 143 383 242
Route #9: 167 344 26 51 134 152 110
Route #10: 27 374 120 156 128 79 261 46
Route #11: 49 335 19 220 326 254 153
Route #12: 102 52 69 76 208 204 321 4
Route #13: 244 136 137 162 214 50 30
Route #14: 372 248 229 77 154 363 13
Route #15: 305 366 180 157 370 7 171
Route #16: 371
Route #17: 269 184 274 257 62 280 361 130
Route #18: 315 233 256 36 78 122 243 317
Route #19: 145 192 375 175 41 68 289
Route #20: 354 67 138 94 312 189
Route #21: 215 15 132 358 11 275 185 31
Route #22: 364 246 313 163 231 224 198 309
Route #23: 267 3 331 247 84 127 333
Route #24: 25 101 71 378 106 232 316
Route #25: 360 182 72 158 202 328 262 107
Route #26: 362 367 99 368 283 236 203 346
Route #27: 382 18 187 322 96 197 8
Route #28: 240 88 320 48 115 258 108
Route #29: 35 294 195 70 285 144 299
Route #30: 9 252 284 295 75 123 277
Route #31: 181 219 379 340 196 212 86
Route #32: 16 10 278 337 293 188 64
Route #33: 318 149 206 124 28 351 5
Route #34: 201 164 179 168 191 279 373 327
Route #35: 66 348 282 6 53 200 341
Route #36: 114 324 40 302 216 237 288 60
Route #37: 21 238 170 112 342 90 44 98
Route #38: 57 104 300 356 100 227 172 339
Route #39: 133 297 190 54 119 39 376 308
Route #40: 47 235 272 118 226 281 325 230
Route #41: 245 234 345 286 301 125 29
Route #42: 291 113 296 310 260 83 140 155
Route #43: 355 165 228 89 85 210 45
Route #44: 95 307 239 91 199 116 169
Route #45: 160 273 38 42 151 336 22
Route #46: 290 135 250 357 1 103 176
Route #47: 255 253 266 33 129 20 186 304
Route #48: 205 311 166 93 32 287 338
Route #49: 61 249 213 55 359 173 24
Route #50: 174 221 303 306 12 349 225
Route #51: 161 268 121 347 159 211 56 92
Route #52: 117 34 218 241 59 343 183
Route #53: 194 329 353 87 73 81 217 147
