Route #1: 57 234 37 139 51 146 153 116 63 6 81 114 118 140 25 50 142 96 1 29 56
Route #2: 182 277 83 178 206 200 108 130 138 121 79 60 10 295 120 41 249 20 77 132 112 291 210
Route #3: 137 106 97 144 84 4 70 15 126 221 101 38 135 49 103 164 136
Route #4: 212 147 143 296 269 282 222 197 196 186 117 3 276 13 270
Route #5: 246 177 230 253 257 247 213 66 180 65 100 216 173 165 260 167 9 105 261 229 251 223 194 155 263 256
Route #6: 250 176 86 162 204 211 228 17 94 149 240 232 11 198 69 124 30 265
Route #7: 288 53 154 95 23 125 71 264 189 238 207 35 18 64 286 62 39 148 267 248 293 233 171 266 199 285 156 175 85 166 281 302
Route #8: 303 82 46 168 48 299 272 44 28 243 68 26 80 129 59 16 128 5 42 93 89 24 161 134 226 110
Route #9: 87 2 113 150 292 98 205 274 280 157 183 297 163 169 104 127 218 254 72 145 40 102 52 131 31 190
Route #10: 115 54 279 78 160 258 109 203 307 237 58 8 73 215 170 34 245 187
Route #11: 209 76 152 36 55 32 123 300 179 298 74 284 255 174 275 202 99 92 283 111 61 45 214 301 7 201 88 43 271 27 119
Route #12: 195 241 22 268 21 90 141 185 259 242 19 107 188 122 224 191 306 227 47 12 239 151 33 219 192 225 172 305 252 181 236
Route #13: 67 304 220 244 91 290 184 273 14 75 278 159 289 235 231 294 262 208 158 217 193 287 133
